[{'bbox': array([239.02765   ,  16.630693  , 380.41504   , 332.558     ,
         0.99890876], dtype=float32), 'keypoints': array([[298.40884   ,  41.92955   ,   0.8950244 ],
       [300.46567   ,  62.497726  ,   0.9622274 ],
       [296.35205   ,  23.418182  ,   0.85043377],
       [316.92023   ,  58.38411   ,   0.38582522],
       [277.84067   ,  39.872726  ,   0.48294583],
       [329.2611    ,  78.952286  ,   0.9139538 ],
       [271.6702    ,  78.952286  ,   0.9419536 ],
       [351.88614   , 105.69093   ,   0.89840156],
       [249.0452    , 115.97502   ,   0.9158129 ],
       [310.74976   , 105.69093   ,   0.9013901 ],
       [286.06793   , 107.74776   ,   0.93959665],
       [318.97705   , 165.33867   ,   0.92005473],
       [286.06793   , 165.33867   ,   0.8434662 ],
       [372.45435   , 204.41823   ,   0.8674726 ],
       [300.46567   , 249.66823   ,   0.87130415],
       [312.80658   , 220.87276   ,   0.9270945 ],
       [312.80658   , 309.31592   ,   0.8967337 ]], dtype=float32)}]