[{'bbox': array([5.1344110e+02, 9.0833893e+01, 1.0999814e+03, 1.0779410e+03,
       9.9676502e-01], dtype=float32), 'keypoints': array([[7.34413391e+02, 2.71096619e+02, 9.49587882e-01],
       [7.63332581e+02, 2.22898010e+02, 9.43999887e-01],
       [6.86214783e+02, 2.42177429e+02, 9.70931172e-01],
       [8.11531189e+02, 2.42177429e+02, 9.09818113e-01],
       [6.18736755e+02, 2.80736328e+02, 9.48380709e-01],
       [8.50090027e+02, 4.54251282e+02, 8.62761140e-01],
       [5.70538147e+02, 4.92810120e+02, 7.44582295e-01],
       [9.17568054e+02, 7.33803162e+02, 6.22052372e-01],
       [6.66935364e+02, 6.85604431e+02, 8.20009291e-01],
       [1.09108301e+03, 1.02299457e+03, 6.63047314e-01],
       [7.53692810e+02, 4.34971863e+02, 8.51860404e-01],
       [9.17568054e+02, 9.84435730e+02, 6.06639624e-01],
       [7.24773743e+02, 1.01335492e+03, 5.58509231e-01],
       [1.09108301e+03, 1.07119312e+03, 3.23775679e-01],
       [1.08144312e+03, 1.05191382e+03, 1.51219368e-01],
       [8.69369446e+02, 9.84435730e+02, 1.31326914e-01],
       [8.88648865e+02, 1.02299457e+03, 1.02862857e-01]], dtype=float32)}, {'bbox': array([1.2171017e+02, 2.3841995e+01, 6.1694653e+02, 1.0749813e+03,
       9.9590921e-01], dtype=float32), 'keypoints': array([[4.56581177e+02, 2.36328125e+02, 9.23498154e-01],
       [4.97641235e+02, 1.95268066e+02, 9.70271349e-01],
       [4.15520996e+02, 1.95268066e+02, 9.20988321e-01],
       [5.38701416e+02, 2.05533081e+02, 8.96118820e-01],
       [3.74460876e+02, 2.05533081e+02, 9.17078972e-01],
       [5.59231445e+02, 4.00568726e+02, 7.94410706e-01],
       [2.71810547e+02, 4.00568726e+02, 8.23956490e-01],
       [6.10556641e+02, 6.67459473e+02, 2.79427141e-01],
       [2.10220337e+02, 6.98254517e+02, 7.92637646e-01],
       [6.20821655e+02, 3.49243530e+02, 7.65754461e-01],
       [1.99955322e+02, 9.65145386e+02, 7.75779366e-01],
       [5.48966431e+02, 9.75410400e+02, 5.99880338e-01],
       [3.43665771e+02, 9.85675415e+02, 6.00676298e-01],
       [4.46316040e+02, 1.07806079e+03, 1.87631771e-02],
       [3.43665771e+02, 1.01647058e+03, 6.47817478e-02],
       [2.51280518e+02, 1.00620557e+03, 7.17670396e-02],
       [2.41015442e+02, 1.01647058e+03, 1.97728693e-01]], dtype=float32)}]